{
  "core_features": [
    "fii_fut_oi_net",
    "fii_call_oi_net",
    "fii_put_oi_net",
    "dii_fut_oi_net",
    "dii_call_oi_net",
    "dii_put_oi_net",
    "pro_fut_oi_net",
    "pro_call_oi_net",
    "pro_put_oi_net",
    "client_fut_oi_net",
    "client_call_oi_net",
    "client_put_oi_net",
    "fii_fut_oi_chg",
    "fii_call_oi_chg",
    "fii_put_oi_chg",
    "fii_call_put_imb",
    "dii_fut_oi_chg",
    "dii_call_oi_chg",
    "dii_put_oi_chg",
    "dii_call_put_imb",
    "pro_fut_oi_chg",
    "pro_call_oi_chg",
    "pro_put_oi_chg",
    "pro_call_put_imb"
  ],
  "corr_matrix": {
    "features": [
      "fii_fut_oi_net",
      "fii_call_oi_net",
      "fii_put_oi_net",
      "dii_fut_oi_net",
      "dii_call_oi_net",
      "dii_put_oi_net",
      "pro_fut_oi_net",
      "pro_call_oi_net",
      "pro_put_oi_net",
      "client_fut_oi_net",
      "client_call_oi_net",
      "client_put_oi_net",
      "fii_fut_oi_chg",
      "fii_call_oi_chg",
      "fii_put_oi_chg",
      "fii_call_put_imb",
      "dii_fut_oi_chg",
      "dii_call_oi_chg",
      "dii_put_oi_chg",
      "dii_call_put_imb",
      "pro_fut_oi_chg",
      "pro_call_oi_chg",
      "pro_put_oi_chg",
      "pro_call_put_imb"
    ],
    "values": [
      [
        1.0,
        0.415390943696102,
        -0.11121654554006903,
        -0.6067882100069948,
        -0.14082950387218757,
        0.3540902034290614,
        -0.33747960131708804,
        0.08697209800092484,
        -0.3734232639166177,
        -0.9088321830262764,
        -0.3512109709058916,
        0.1460806021351122,
        0.10358276656595539,
        0.010652440986303913,
        0.02215633647484651,
        -0.01583436648214309,
        -0.12482511622069298,
        -0.0018453960615698955,
        -0.008107656341750882,
        0.007859700648079657,
        -0.09302598987159509,
        -0.037375978149241686,
        0.012685495475056829,
        -0.03537599084006593
      ],
      [
        0.415390943696102,
        1.0,
        0.6774360233552902,
        -0.2806794544341019,
        -0.0909942523046808,
        0.4437997699128936,
        -0.35097612619133806,
        -0.02549719570646587,
        -0.42338356115906406,
        -0.3095134551330691,
        -0.6744568201033657,
        -0.37183741340916326,
        0.07544141328568948,
        0.30595314604041945,
        0.24757291663771439,
        0.091192350237799,
        -0.040048416487903964,
        -0.022186493593442855,
        0.009259915565305882,
        -0.011883383908789343,
        -0.03575011450697248,
        0.047763592282907,
        -0.0642702507432405,
        0.07446135262029337
      ],
      [
        -0.11121654554006903,
        0.6774360233552902,
        1.0,
        -0.0451108602588047,
        0.07462182815029811,
        0.4189749661876173,
        -0.194703581588482,
        -0.2774817255230758,
        -0.06081161621463885,
        0.21631629987055495,
        -0.26616516677692875,
        -0.7809112351199056,
        -0.09689615245817888,
        0.20066503883619816,
        0.2928574054112331,
        -0.12342660007935836,
        0.09459576678680237,
        -0.0035868271721451804,
        0.026220431323338587,
        -0.026561725989970142,
        -0.0002723605245978348,
        -0.030317703137997653,
        0.01344096179074429,
        -0.0306134530278937
      ],
      [
        -0.6067882100069948,
        -0.2806794544341019,
        -0.0451108602588047,
        1.0,
        0.15813310071537887,
        -0.3210531699342083,
        0.047501519599133665,
        0.1879349256588411,
        0.13214503016621953,
        0.2773726213748962,
        0.054748314573487215,
        0.0817238672510474,
        0.05222601220683955,
        0.006283808015779817,
        -0.013345732959665884,
        0.027755008801694993,
        0.06792653841362763,
        0.0003231742973248039,
        -0.016393055577438677,
        0.016376797877284785,
        -0.0125373672503315,
        0.01024999244531127,
        -0.005604870929236599,
        0.010995610060094871
      ],
      [
        -0.14082950387218757,
        -0.0909942523046808,
        0.07462182815029811,
        0.15813310071537887,
        1.0,
        0.09612266554904719,
        0.029087207962776113,
        0.08866050110994991,
        0.11211225965214255,
        0.09654870379070919,
        -0.011244935036416,
        -0.1519583513579125,
        -0.001094857370513029,
        -0.001375577460316276,
        -0.01695926395976957,
        0.021842857918998353,
        0.01249392269384177,
        0.4052917063476392,
        0.02519793125588607,
        0.02337743598150693,
        0.003110110891994558,
        0.0010217571375861607,
        -0.013875656849549759,
        0.009202097437797688
      ],
      [
        0.3540902034290614,
        0.4437997699128936,
        0.4189749661876173,
        -0.3210531699342083,
        0.09612266554904719,
        1.0,
        -0.349385599188284,
        -0.03405693625901201,
        -0.1923485004379222,
        -0.2103518674928374,
        -0.2837752603343646,
        -0.5619787118153584,
        0.009841345777719173,
        0.01849594840886411,
        0.01633605456671613,
        0.0035898472829700837,
        0.010773156774426258,
        -0.0001810894851529975,
        0.06778121273427706,
        -0.06757578306916807,
        -0.01475468192673371,
        -0.010456180652745771,
        -0.016236687205567635,
        0.002146774470777893
      ],
      [
        -0.33747960131708804,
        -0.35097612619133806,
        -0.194703581588482,
        0.047501519599133665,
        0.029087207962776113,
        -0.349385599188284,
        1.0,
        -0.03482608047428791,
        0.27242695080715473,
        0.15889089379818166,
        0.26903759014563045,
        0.10870312142826029,
        -0.02290431119877763,
        -0.0051588125189481835,
        0.002193852864321099,
        -0.010480661515483946,
        -0.030154983145909885,
        0.006875661238728008,
        0.010627199800075395,
        -0.009768958750676618,
        0.24331193995956688,
        0.021631922057105513,
        0.026999616051783467,
        -0.00042927560942649507
      ],
      [
        0.08697209800092484,
        -0.02549719570646587,
        -0.2774817255230758,
        0.1879349256588411,
        0.08866050110994991,
        -0.03405693625901201,
        -0.03482608047428791,
        1.0,
        0.00690622847584166,
        -0.19735776363859825,
        -0.7208235812721672,
        0.18941330363680914,
        0.3007901848096168,
        0.07230061901741186,
        -0.10411001360373684,
        0.24991058733816418,
        -0.13587063428054733,
        -0.016972240833715423,
        0.05679843798920528,
        -0.05863877504330746,
        -0.07981136324997375,
        0.4466347817483312,
        -0.07214314273858825,
        0.374376787175659
      ],
      [
        -0.3734232639166177,
        -0.42338356115906406,
        -0.06081161621463885,
        0.13214503016621953,
        0.11211225965214255,
        -0.1923485004379222,
        0.27242695080715473,
        0.00690622847584166,
        1.0,
        0.34900200348896204,
        0.287760711308557,
        -0.46283764148622314,
        -0.2720100292505815,
        -0.17206079675407937,
        -0.037348525188364415,
        -0.19435594781435453,
        0.050166945650462744,
        -0.007749346109964697,
        -0.0025932286944565265,
        0.001657373249941257,
        0.06300031932845022,
        -0.008571966160034014,
        0.42985559571957804,
        -0.26799518796791755
      ],
      [
        -0.9088321830262764,
        -0.3095134551330691,
        0.21631629987055495,
        0.2773726213748962,
        0.09654870379070919,
        -0.2103518674928374,
        0.15889089379818166,
        -0.19735776363859825,
        0.34900200348896204,
        1.0,
        0.3595556698879767,
        -0.25779489947437056,
        -0.15444593259054554,
        -0.015622098936628932,
        -0.02265241083063515,
        0.009402509275228585,
        0.13577049874664898,
        0.0004782569597851361,
        0.015954963780360674,
        -0.01584428699371632,
        0.06479426314901979,
        0.037849441993985884,
        -0.020549158176714294,
        0.040512911281071054
      ],
      [
        -0.3512109709058916,
        -0.6744568201033657,
        -0.26616516677692875,
        0.054748314573487215,
        -0.011244935036416,
        -0.2837752603343646,
        0.26903759014563045,
        -0.7208235812721672,
        0.287760711308557,
        0.3595556698879767,
        1.0,
        0.11971961518515412,
        -0.2742528638554716,
        -0.2656830094800753,
        -0.09487977683317747,
        -0.24785655784223867,
        0.12791944468303018,
        0.024274195790357198,
        -0.048555380484846394,
        0.051296974412183276,
        0.08366430857121264,
        -0.36265404179137745,
        0.09795550218085347,
        -0.32795173750257767
      ],
      [
        0.1460806021351122,
        -0.37183741340916326,
        -0.7809112351199056,
        0.0817238672510474,
        -0.1519583513579125,
        -0.5619787118153584,
        0.10870312142826029,
        0.18941330363680914,
        -0.46283764148622314,
        -0.25779489947437056,
        0.11971961518515412,
        1.0,
        0.21644935041940083,
        -0.03768499880911273,
        -0.1746031966637294,
        0.19114075817993204,
        -0.09467542390891198,
        0.006887149815123026,
        -0.04273404303490291,
        0.043414875657759484,
        -0.030403744010017,
        0.02880879395725463,
        -0.2513069195692367,
        0.1742858723904645
      ],
      [
        0.10358276656595539,
        0.07544141328568948,
        -0.09689615245817888,
        0.05222601220683955,
        -0.001094857370513029,
        0.009841345777719173,
        -0.02290431119877763,
        0.3007901848096168,
        -0.2720100292505815,
        -0.15444593259054554,
        -0.2742528638554716,
        0.21644935041940083,
        1.0,
        0.1663694479782096,
        -0.05772968310663723,
        0.3197111280655225,
        -0.14082439928428955,
        -0.011248085560230315,
        0.012695591807250285,
        -0.013998828271476001,
        -0.5028272305444671,
        0.15614118886578104,
        -0.2517650944790874,
        0.26877749687036356
      ],
      [
        0.010652440986303913,
        0.30595314604041945,
        0.20066503883619816,
        0.006283808015779817,
        -0.001375577460316276,
        0.01849594840886411,
        -0.0051588125189481835,
        0.07230061901741186,
        -0.17206079675407937,
        -0.015622098936628932,
        -0.2656830094800753,
        -0.03768499880911273,
        0.1663694479782096,
        1.0,
        0.752004822572122,
        0.37835931658642064,
        0.013374463869253788,
        -0.037768171928467056,
        0.14779683714344663,
        -0.15182041045999575,
        -0.07169895318663867,
        0.15976044776134465,
        -0.3024037477383876,
        0.3022790877849997
      ],
      [
        0.02215633647484651,
        0.24757291663771439,
        0.2928574054112331,
        -0.013345732959665884,
        -0.01695926395976957,
        0.01633605456671613,
        0.002193852864321099,
        -0.10411001360373684,
        -0.037348525188364415,
        -0.02265241083063515,
        -0.09487977683317747,
        -0.1746031966637294,
        -0.05772968310663723,
        0.752004822572122,
        1.0,
        -0.32562701075237327,
        0.04235461640768891,
        -0.02643471397599776,
        0.1722017716014355,
        -0.17478759149125994,
        0.005472349955128278,
        -0.16855276000623862,
        -0.021363855364240403,
        -0.11170735327231202
      ],
      [
        -0.01583436648214309,
        0.091192350237799,
        -0.12342660007935836,
        0.027755008801694993,
        0.021842857918998353,
        0.0035898472829700837,
        -0.010480661515483946,
        0.24991058733816418,
        -0.19435594781435453,
        0.009402509275228585,
        -0.24785655784223867,
        0.19114075817993204,
        0.3197111280655225,
        0.37835931658642064,
        -0.32562701075237327,
        1.0,
        -0.04029444641857243,
        -0.01705239652189404,
        -0.029823561159066418,
        0.027683413191186,
        -0.11053011813788376,
        0.4658606347833891,
        -0.40376776246502466,
        0.5904616119539913
      ],
      [
        -0.12482511622069298,
        -0.040048416487903964,
        0.09459576678680237,
        0.06792653841362763,
        0.01249392269384177,
        0.010773156774426258,
        -0.030154983145909885,
        -0.13587063428054733,
        0.050166945650462744,
        0.13577049874664898,
        0.12791944468303018,
        -0.09467542390891198,
        -0.14082439928428955,
        0.013374463869253788,
        0.04235461640768891,
        -0.04029444641857243,
        1.0,
        0.0188397205824553,
        -0.023061223471298922,
        0.025238028386782234,
        -0.15256448301259506,
        -0.0696956873684492,
        -0.003329549966030968,
        -0.049540867595167765
      ],
      [
        -0.0018453960615698955,
        -0.022186493593442855,
        -0.0035868271721451804,
        0.0003231742973248039,
        0.4052917063476392,
        -0.0001810894851529975,
        0.006875661238728008,
        -0.016972240833715423,
        -0.007749346109964697,
        0.0004782569597851361,
        0.024274195790357198,
        0.006887149815123026,
        -0.011248085560230315,
        -0.037768171928467056,
        -0.02643471397599776,
        -0.01705239652189404,
        0.0188397205824553,
        1.0,
        0.03197313280642933,
        0.08777853980007369,
        0.018075659061847764,
        -0.017767802304839125,
        -0.025958690374882704,
        0.0026547116913625273
      ],
      [
        -0.008107656341750882,
        0.009259915565305882,
        0.026220431323338587,
        -0.016393055577438677,
        0.02519793125588607,
        0.06778121273427706,
        0.010627199800075395,
        0.05679843798920528,
        -0.0025932286944565265,
        0.015954963780360674,
        -0.048555380484846394,
        -0.04273404303490291,
        0.012695591807250285,
        0.14779683714344663,
        0.1722017716014355,
        -0.029823561159066418,
        -0.023061223471298922,
        0.03197313280642933,
        1.0,
        -0.9928241615097035,
        -0.08602111897578683,
        -0.01171639009083159,
        -0.11460979294844112,
        0.06109399660670351
      ],
      [
        0.007859700648079657,
        -0.011883383908789343,
        -0.026561725989970142,
        0.016376797877284785,
        0.02337743598150693,
        -0.06757578306916807,
        -0.009768958750676618,
        -0.05863877504330746,
        0.001657373249941257,
        -0.01584428699371632,
        0.051296974412183276,
        0.043414875657759484,
        -0.013998828271476001,
        -0.15182041045999575,
        -0.17478759149125994,
        0.027683413191186,
        0.025238028386782234,
        0.08777853980007369,
        -0.9928241615097035,
        1.0,
        0.08789556553392264,
        0.009551314483497046,
        0.11111998535245443,
        -0.06057168382132529
      ],
      [
        -0.09302598987159509,
        -0.03575011450697248,
        -0.0002723605245978348,
        -0.0125373672503315,
        0.003110110891994558,
        -0.01475468192673371,
        0.24331193995956688,
        -0.07981136324997375,
        0.06300031932845022,
        0.06479426314901979,
        0.08366430857121264,
        -0.030403744010017,
        -0.5028272305444671,
        -0.07169895318663867,
        0.005472349955128278,
        -0.11053011813788376,
        -0.15256448301259506,
        0.018075659061847764,
        -0.08602111897578683,
        0.08789556553392264,
        1.0,
        -0.0446215342224471,
        0.13069607724176358,
        -0.11256991413105043
      ],
      [
        -0.037375978149241686,
        0.047763592282907,
        -0.030317703137997653,
        0.01024999244531127,
        0.0010217571375861607,
        -0.010456180652745771,
        0.021631922057105513,
        0.4466347817483312,
        -0.008571966160034014,
        0.037849441993985884,
        -0.36265404179137745,
        0.02880879395725463,
        0.15614118886578104,
        0.15976044776134465,
        -0.16855276000623862,
        0.4658606347833891,
        -0.0696956873684492,
        -0.017767802304839125,
        -0.01171639009083159,
        0.009551314483497046,
        -0.0446215342224471,
        1.0,
        -0.09107865133886837,
        0.795335548162097
      ],
      [
        0.012685495475056829,
        -0.0642702507432405,
        0.01344096179074429,
        -0.005604870929236599,
        -0.013875656849549759,
        -0.016236687205567635,
        0.026999616051783467,
        -0.07214314273858825,
        0.42985559571957804,
        -0.020549158176714294,
        0.09795550218085347,
        -0.2513069195692367,
        -0.2517650944790874,
        -0.3024037477383876,
        -0.021363855364240403,
        -0.40376776246502466,
        -0.003329549966030968,
        -0.025958690374882704,
        -0.11460979294844112,
        0.11111998535245443,
        0.13069607724176358,
        -0.09107865133886837,
        1.0,
        -0.6760880885507131
      ],
      [
        -0.03537599084006593,
        0.07446135262029337,
        -0.0306134530278937,
        0.010995610060094871,
        0.009202097437797688,
        0.002146774470777893,
        -0.00042927560942649507,
        0.374376787175659,
        -0.26799518796791755,
        0.040512911281071054,
        -0.32795173750257767,
        0.1742858723904645,
        0.26877749687036356,
        0.3022790877849997,
        -0.11170735327231202,
        0.5904616119539913,
        -0.049540867595167765,
        0.0026547116913625273,
        0.06109399660670351,
        -0.06057168382132529,
        -0.11256991413105043,
        0.795335548162097,
        -0.6760880885507131,
        1.0
      ]
    ]
  },
  "pca": {
    "components": [
      "PC1",
      "PC2",
      "PC3",
      "PC4",
      "PC5",
      "PC6",
      "PC7",
      "PC8",
      "PC9",
      "PC10",
      "PC11",
      "PC12"
    ],
    "explained_variance_ratio": [
      0.12571653026584675,
      0.08814039740633965,
      0.06058538947710536,
      0.05702863808626525,
      0.05389278157078557,
      0.04548525018041492,
      0.0419716890479735,
      0.02896412761406955,
      0.0278643016253631,
      0.026874444310017603,
      0.024807787256953914,
      0.02391631995464874
    ],
    "cumulative_explained_variance": [
      0.12571653026584675,
      0.2138569276721864,
      0.27444231714929174,
      0.331470955235557,
      0.38536373680634256,
      0.4308489869867575,
      0.472820676034731,
      0.5017848036488005,
      0.5296491052741636,
      0.5565235495841813,
      0.5813313368411351,
      0.6052476567957839
    ]
  },
  "top_feature_correlations": {
    "1": {
      "target_ret": [
        {
          "feature": "fii_call_put_imb",
          "corr": 0.09015783977312329
        },
        {
          "feature": "client_put_oi_chg_lag3",
          "corr": 0.0766014413443254
        },
        {
          "feature": "client_put_oi_chg",
          "corr": 0.07424232228032782
        },
        {
          "feature": "client_call_put_imb",
          "corr": -0.07377129302535776
        },
        {
          "feature": "dii_call_oi_chg_lag2",
          "corr": -0.07023306825279425
        },
        {
          "feature": "fii_put_oi_chg",
          "corr": -0.06665383714242966
        },
        {
          "feature": "fii_put_oi_chg_lag3",
          "corr": -0.06145970408141872
        },
        {
          "feature": "client_call_put_imb_lag3",
          "corr": -0.06066745665476956
        },
        {
          "feature": "pro_call_put_imb_lag3",
          "corr": 0.059937829820298424
        },
        {
          "feature": "pro_call_put_imb",
          "corr": 0.059431835482759716
        },
        {
          "feature": "pro_call_oi_net",
          "corr": 0.05744081259858728
        },
        {
          "feature": "dii_fut_oi_chg_lag3",
          "corr": 0.05644171330288981
        }
      ],
      "target_up": [
        {
          "feature": "fii_call_put_imb",
          "corr": 0.09413307083897242
        },
        {
          "feature": "pro_call_oi_net",
          "corr": 0.0860569147425962
        },
        {
          "feature": "client_call_put_imb",
          "corr": -0.08210366835916084
        },
        {
          "feature": "client_call_oi_net",
          "corr": -0.07384004483133354
        },
        {
          "feature": "pro_put_oi_net",
          "corr": -0.06929746381431516
        },
        {
          "feature": "pro_call_put_imb",
          "corr": 0.06736706530029345
        },
        {
          "feature": "client_put_oi_chg",
          "corr": 0.06650226365482627
        },
        {
          "feature": "client_put_oi_net",
          "corr": 0.06073145220075607
        },
        {
          "feature": "pro_put_oi_net_lag3",
          "corr": -0.05758297848701886
        },
        {
          "feature": "client_fut_oi_chg",
          "corr": -0.057289881952060744
        },
        {
          "feature": "ret_1d",
          "corr": 0.056601061086182944
        },
        {
          "feature": "fii_put_oi_net",
          "corr": -0.053805552964390366
        }
      ]
    },
    "3": {
      "target_ret": [
        {
          "feature": "dii_fut_oi_net",
          "corr": 0.07518091962069087
        },
        {
          "feature": "dii_fut_oi_net_lag1",
          "corr": 0.07013270583124231
        },
        {
          "feature": "dii_fut_oi_chg_lag3",
          "corr": 0.06856370026494837
        },
        {
          "feature": "fii_call_put_imb",
          "corr": 0.06670995595163337
        },
        {
          "feature": "dii_fut_oi_net_lag2",
          "corr": 0.06518684283881615
        },
        {
          "feature": "pro_call_oi_net",
          "corr": 0.06094157842055414
        },
        {
          "feature": "dii_fut_oi_net_lag3",
          "corr": 0.059232796227236914
        },
        {
          "feature": "ret_10d_lag3",
          "corr": -0.05581220528578357
        },
        {
          "feature": "ret_10d",
          "corr": -0.054809747716908594
        },
        {
          "feature": "client_call_put_imb",
          "corr": -0.053979101895510674
        },
        {
          "feature": "ret_10d_lag1",
          "corr": -0.05335142908451936
        },
        {
          "feature": "client_put_oi_chg_lag3",
          "corr": 0.05294045472192762
        }
      ],
      "target_up": [
        {
          "feature": "fii_call_put_imb",
          "corr": 0.08447060119512395
        },
        {
          "feature": "client_call_put_imb",
          "corr": -0.07860841185063494
        },
        {
          "feature": "pro_put_oi_net",
          "corr": -0.07102747120420322
        },
        {
          "feature": "pro_call_put_imb",
          "corr": 0.06470192193935118
        },
        {
          "feature": "dii_put_oi_net_lag3",
          "corr": 0.06321018917791886
        },
        {
          "feature": "dii_put_oi_net_lag2",
          "corr": 0.06282954632297055
        },
        {
          "feature": "client_call_oi_chg",
          "corr": -0.061932830573252266
        },
        {
          "feature": "pro_call_oi_chg",
          "corr": 0.06077965931546737
        },
        {
          "feature": "dii_put_oi_net_lag1",
          "corr": 0.059609275346756536
        },
        {
          "feature": "pro_call_oi_net",
          "corr": 0.058619575906214756
        },
        {
          "feature": "client_fut_oi_net",
          "corr": -0.05687841472633291
        },
        {
          "feature": "dii_fut_oi_chg_lag3",
          "corr": 0.05651270999899453
        }
      ]
    },
    "5": {
      "target_ret": [
        {
          "feature": "dii_fut_oi_net",
          "corr": 0.09173824479317509
        },
        {
          "feature": "dii_fut_oi_net_lag1",
          "corr": 0.08449904350197618
        },
        {
          "feature": "dii_fut_oi_net_lag2",
          "corr": 0.07750370214876694
        },
        {
          "feature": "dii_fut_oi_net_lag3",
          "corr": 0.0709630157158622
        },
        {
          "feature": "ret_10d",
          "corr": -0.06918428555912552
        },
        {
          "feature": "ret_10d_lag1",
          "corr": -0.06815735147096694
        },
        {
          "feature": "fii_call_put_imb",
          "corr": 0.06556702394187036
        },
        {
          "feature": "ret_10d_lag2",
          "corr": -0.06496247056206576
        },
        {
          "feature": "ret_10d_lag3",
          "corr": -0.06490526073197272
        },
        {
          "feature": "dii_put_oi_chg_lag3",
          "corr": 0.06485702377575762
        },
        {
          "feature": "dii_call_put_imb_lag3",
          "corr": -0.06417488388274377
        },
        {
          "feature": "ret_5d_lag3",
          "corr": -0.06387665514657626
        }
      ],
      "target_up": [
        {
          "feature": "pro_put_oi_net",
          "corr": -0.07038479935370681
        },
        {
          "feature": "dii_fut_oi_chg_lag2",
          "corr": 0.06118176381946583
        },
        {
          "feature": "dii_call_oi_net",
          "corr": 0.05943904919619984
        },
        {
          "feature": "pro_put_oi_net_lag3",
          "corr": -0.05517876249468176
        },
        {
          "feature": "client_call_put_imb",
          "corr": -0.05359246205239388
        },
        {
          "feature": "pro_call_oi_net",
          "corr": 0.05329300853785706
        },
        {
          "feature": "pro_call_put_imb",
          "corr": 0.05170084807033623
        },
        {
          "feature": "client_call_oi_net",
          "corr": -0.05161025665866758
        },
        {
          "feature": "pro_call_oi_chg",
          "corr": 0.04854489228202692
        },
        {
          "feature": "pro_put_oi_net_lag1",
          "corr": -0.048181765645479595
        },
        {
          "feature": "dii_call_oi_net_lag3",
          "corr": 0.0476121468787896
        },
        {
          "feature": "dii_fut_oi_net",
          "corr": 0.046872460375552975
        }
      ]
    },
    "10": {
      "target_ret": [
        {
          "feature": "dii_fut_oi_net",
          "corr": 0.11153407081691319
        },
        {
          "feature": "dii_fut_oi_net_lag1",
          "corr": 0.10332666206728713
        },
        {
          "feature": "dii_fut_oi_net_lag2",
          "corr": 0.0960667238448337
        },
        {
          "feature": "dii_fut_oi_net_lag3",
          "corr": 0.08949808062531185
        },
        {
          "feature": "ret_10d",
          "corr": -0.0850144116524907
        },
        {
          "feature": "ret_5d_lag3",
          "corr": -0.07802740225117404
        },
        {
          "feature": "ret_10d_lag1",
          "corr": -0.07593976555360236
        },
        {
          "feature": "ret_5d_lag2",
          "corr": -0.07203341713945421
        },
        {
          "feature": "dii_fut_oi_chg",
          "corr": 0.06864907392296513
        },
        {
          "feature": "rv_20d",
          "corr": 0.06843376391053616
        },
        {
          "feature": "dii_put_oi_chg_lag3",
          "corr": 0.06808248617010418
        },
        {
          "feature": "dii_call_put_imb_lag3",
          "corr": -0.0668646841458756
        }
      ],
      "target_up": [
        {
          "feature": "rv_20d_lag1",
          "corr": 0.07697828690208373
        },
        {
          "feature": "rv_20d",
          "corr": 0.07630612166738542
        },
        {
          "feature": "rv_20d_lag3",
          "corr": 0.07499053734791918
        },
        {
          "feature": "dii_fut_oi_chg_lag3",
          "corr": 0.0735401139164327
        },
        {
          "feature": "rv_20d_lag2",
          "corr": 0.07203495115292015
        },
        {
          "feature": "pro_put_oi_net_lag3",
          "corr": -0.06690635073398865
        },
        {
          "feature": "client_put_oi_net_lag3",
          "corr": 0.060747472594132594
        },
        {
          "feature": "fii_put_oi_net",
          "corr": -0.05836016865905377
        },
        {
          "feature": "client_call_oi_net_lag3",
          "corr": 0.055855988110377876
        },
        {
          "feature": "client_put_oi_net",
          "corr": 0.055263372232736654
        },
        {
          "feature": "dii_call_put_imb_lag1",
          "corr": -0.05345439615232109
        },
        {
          "feature": "pro_put_oi_net",
          "corr": -0.05254393849773551
        }
      ]
    }
  },
  "spot_variance_explained": {
    "target": "future_spot_return",
    "method": "linear_r2_train_window",
    "by_horizon": {
      "1": [
        {
          "rank": 1,
          "feature": "fii_call_put_imb",
          "individual_r2": 0.008128436072556311,
          "cumulative_r2": 0.008128436072556311,
          "marginal_r2": 0.008128436072556311
        },
        {
          "rank": 2,
          "feature": "client_put_oi_chg_lag3",
          "individual_r2": 0.005867780816028234,
          "cumulative_r2": 0.014179333171544073,
          "marginal_r2": 0.006050897098987762
        },
        {
          "rank": 3,
          "feature": "client_put_oi_chg",
          "individual_r2": 0.005511922417575921,
          "cumulative_r2": 0.01595018018979988,
          "marginal_r2": 0.0017708470182558056
        },
        {
          "rank": 4,
          "feature": "client_call_put_imb",
          "individual_r2": 0.005442203674633217,
          "cumulative_r2": 0.01597812542329302,
          "marginal_r2": 2.794523349314293e-05
        },
        {
          "rank": 5,
          "feature": "dii_call_oi_chg_lag2",
          "individual_r2": 0.0049326838762016045,
          "cumulative_r2": 0.020553658458426716,
          "marginal_r2": 0.004575533035133694
        },
        {
          "rank": 6,
          "feature": "fii_put_oi_chg",
          "individual_r2": 0.004442734005809523,
          "cumulative_r2": 0.021070823223108825,
          "marginal_r2": 0.0005171647646821098
        },
        {
          "rank": 7,
          "feature": "fii_put_oi_chg_lag3",
          "individual_r2": 0.0037772952257756343,
          "cumulative_r2": 0.021719679270221226,
          "marginal_r2": 0.0006488560471124005
        },
        {
          "rank": 8,
          "feature": "client_call_put_imb_lag3",
          "individual_r2": 0.003680540296958301,
          "cumulative_r2": 0.02216469811742172,
          "marginal_r2": 0.00044501884720049567
        },
        {
          "rank": 9,
          "feature": "pro_call_put_imb_lag3",
          "individual_r2": 0.0035925434435670756,
          "cumulative_r2": 0.022824171785021496,
          "marginal_r2": 0.0006594736675997748
        },
        {
          "rank": 10,
          "feature": "pro_call_put_imb",
          "individual_r2": 0.003532143068849747,
          "cumulative_r2": 0.02282497443791709,
          "marginal_r2": 8.026528955928924e-07
        },
        {
          "rank": 11,
          "feature": "pro_call_oi_net",
          "individual_r2": 0.003299446951985918,
          "cumulative_r2": 0.023904552995948625,
          "marginal_r2": 0.0010795785580315354
        },
        {
          "rank": 12,
          "feature": "dii_fut_oi_chg_lag3",
          "individual_r2": 0.0031856670005656618,
          "cumulative_r2": 0.02713829682048763,
          "marginal_r2": 0.0032337438245390038
        },
        {
          "rank": 13,
          "feature": "pro_put_oi_chg_lag3",
          "individual_r2": 0.002782738056030909,
          "cumulative_r2": 0.028661794243529992,
          "marginal_r2": 0.0015234974230423637
        },
        {
          "rank": 14,
          "feature": "client_fut_oi_chg_lag1",
          "individual_r2": 0.0025114583717348316,
          "cumulative_r2": 0.03108875340774442,
          "marginal_r2": 0.002426959164214426
        },
        {
          "rank": 15,
          "feature": "fii_call_put_imb_lag3",
          "individual_r2": 0.002484462074933469,
          "cumulative_r2": 0.031214000408616993,
          "marginal_r2": 0.0001252470008725748
        },
        {
          "rank": 16,
          "feature": "dii_fut_oi_net",
          "individual_r2": 0.0023658037305354096,
          "cumulative_r2": 0.03224482700577702,
          "marginal_r2": 0.0010308265971600283
        },
        {
          "rank": 17,
          "feature": "pro_call_oi_chg",
          "individual_r2": 0.0022011268657881056,
          "cumulative_r2": 0.03276600881291547,
          "marginal_r2": 0.0005211818071384489
        },
        {
          "rank": 18,
          "feature": "client_call_oi_net",
          "individual_r2": 0.0020739734852767144,
          "cumulative_r2": 0.03349429580207042,
          "marginal_r2": 0.000728286989154947
        },
        {
          "rank": 19,
          "feature": "pro_fut_oi_chg",
          "individual_r2": 0.0020031039110527393,
          "cumulative_r2": 0.03705626786712579,
          "marginal_r2": 0.0035619720650553743
        },
        {
          "rank": 20,
          "feature": "dii_fut_oi_net_lag1",
          "individual_r2": 0.001990115202890941,
          "cumulative_r2": 0.039398234125568754,
          "marginal_r2": 0.0023419662584429624
        },
        {
          "rank": 21,
          "feature": "client_put_oi_net",
          "individual_r2": 0.0019888242734048545,
          "cumulative_r2": 0.039772773017535124,
          "marginal_r2": 0.00037453889196636947
        },
        {
          "rank": 22,
          "feature": "client_put_oi_chg_lag2",
          "individual_r2": 0.001987556206715202,
          "cumulative_r2": 0.04087596406923366,
          "marginal_r2": 0.0011031910516985377
        },
        {
          "rank": 23,
          "feature": "dii_fut_oi_net_lag2",
          "individual_r2": 0.001718980734898068,
          "cumulative_r2": 0.041159783933199745,
          "marginal_r2": 0.00028381986396608383
        },
        {
          "rank": 24,
          "feature": "pro_put_oi_chg",
          "individual_r2": 0.001645586643407082,
          "cumulative_r2": 0.041159783933199745,
          "marginal_r2": 0.0
        },
        {
          "rank": 25,
          "feature": "dii_fut_oi_net_lag3",
          "individual_r2": 0.0016209888207214806,
          "cumulative_r2": 0.04130996968161471,
          "marginal_r2": 0.00015018574841496601
        }
      ],
      "3": [
        {
          "rank": 1,
          "feature": "dii_fut_oi_net",
          "individual_r2": 0.005652170675013002,
          "cumulative_r2": 0.005652170675013002,
          "marginal_r2": 0.005652170675013002
        },
        {
          "rank": 2,
          "feature": "dii_fut_oi_net_lag1",
          "individual_r2": 0.004918596427211819,
          "cumulative_r2": 0.006998075730658804,
          "marginal_r2": 0.0013459050556458019
        },
        {
          "rank": 3,
          "feature": "dii_fut_oi_chg_lag3",
          "individual_r2": 0.0047009809940218306,
          "cumulative_r2": 0.010526838885448697,
          "marginal_r2": 0.0035287631547898934
        },
        {
          "rank": 4,
          "feature": "fii_call_put_imb",
          "individual_r2": 0.0044502182230689025,
          "cumulative_r2": 0.014143348470157413,
          "marginal_r2": 0.003616509584708716
        },
        {
          "rank": 5,
          "feature": "dii_fut_oi_net_lag2",
          "individual_r2": 0.004249324479292715,
          "cumulative_r2": 0.015097123719941541,
          "marginal_r2": 0.0009537752497841279
        },
        {
          "rank": 6,
          "feature": "pro_call_oi_net",
          "individual_r2": 0.0037138759803886368,
          "cumulative_r2": 0.017334166619843105,
          "marginal_r2": 0.0022370428999015646
        },
        {
          "rank": 7,
          "feature": "dii_fut_oi_net_lag3",
          "individual_r2": 0.0035085241488974628,
          "cumulative_r2": 0.0191790387624845,
          "marginal_r2": 0.001844872142641396
        },
        {
          "rank": 8,
          "feature": "ret_10d_lag3",
          "individual_r2": 0.0031150022588625204,
          "cumulative_r2": 0.0201654705279104,
          "marginal_r2": 0.0009864317654258992
        },
        {
          "rank": 9,
          "feature": "ret_10d",
          "individual_r2": 0.0030041084447911537,
          "cumulative_r2": 0.021137544815473253,
          "marginal_r2": 0.0009720742875628519
        },
        {
          "rank": 10,
          "feature": "client_call_put_imb",
          "individual_r2": 0.002913743441446015,
          "cumulative_r2": 0.021346609518661963,
          "marginal_r2": 0.0002090647031887105
        },
        {
          "rank": 11,
          "feature": "ret_10d_lag1",
          "individual_r2": 0.002846374985360667,
          "cumulative_r2": 0.022407775297251242,
          "marginal_r2": 0.0010611657785892792
        },
        {
          "rank": 12,
          "feature": "client_put_oi_chg_lag3",
          "individual_r2": 0.002802691746164543,
          "cumulative_r2": 0.024866747617558915,
          "marginal_r2": 0.002458972320307673
        },
        {
          "rank": 13,
          "feature": "client_fut_oi_chg_lag1",
          "individual_r2": 0.002780606604843805,
          "cumulative_r2": 0.02731475426151264,
          "marginal_r2": 0.0024480066439537262
        },
        {
          "rank": 14,
          "feature": "ret_10d_lag2",
          "individual_r2": 0.002686733516272688,
          "cumulative_r2": 0.027587844024723696,
          "marginal_r2": 0.00027308976321105405
        },
        {
          "rank": 15,
          "feature": "rv_20d",
          "individual_r2": 0.0025459947943176076,
          "cumulative_r2": 0.03147785766749345,
          "marginal_r2": 0.003890013642769752
        },
        {
          "rank": 16,
          "feature": "client_call_oi_net",
          "individual_r2": 0.0025135526122542773,
          "cumulative_r2": 0.0329875480875812,
          "marginal_r2": 0.0015096904200877503
        },
        {
          "rank": 17,
          "feature": "dii_fut_oi_chg_lag2",
          "individual_r2": 0.0024568091504366674,
          "cumulative_r2": 0.0329875480875812,
          "marginal_r2": 0.0
        },
        {
          "rank": 18,
          "feature": "dii_put_oi_chg_lag3",
          "individual_r2": 0.0024442318299393584,
          "cumulative_r2": 0.03657551035214057,
          "marginal_r2": 0.0035879622645593745
        },
        {
          "rank": 19,
          "feature": "dii_call_put_imb_lag3",
          "individual_r2": 0.0023489741741348213,
          "cumulative_r2": 0.03657554882116454,
          "marginal_r2": 3.846902396631435e-08
        },
        {
          "rank": 20,
          "feature": "dii_call_oi_chg_lag2",
          "individual_r2": 0.0022860749801772995,
          "cumulative_r2": 0.03889219697300195,
          "marginal_r2": 0.0023166481518374082
        },
        {
          "rank": 21,
          "feature": "ret_5d_lag3",
          "individual_r2": 0.0020899464649930533,
          "cumulative_r2": 0.03897830271959046,
          "marginal_r2": 8.610574658851622e-05
        },
        {
          "rank": 22,
          "feature": "fii_put_oi_chg_lag3",
